,id,seasonGoals_home,seasonGoals_away,seasonConceded_away,seasonConceded_home,seasonGoals,points,seasonConceded,seasonGoalDifference,seasonWins_home,seasonWins_away,seasonWins_overall,seasonDraws_home,seasonDraws_away,seasonDraws_overall,seasonLosses_away,seasonLosses_overall,seasonLosses_home,matchesPlayed,name,country,cleanName,shortHand,url,seasonURL_overall,seasonURL_home,seasonURL_away,position,zone,corrections,wdl_record
0,108,47,39,23,16,86,94,39,47,17,13,30,1,3,4,6,10,4,44,Leicester City FC,,Leicester City,leicester-city-fc,/clubs/leicester-city-fc-108,/clubs/leicester-city-fc-108,/clubs/leicester-city-fc-108,/clubs/leicester-city-fc-108,1,"{'name': 'Promotion', 'number': 1}",0,wwwwlwwwwwwwwwllwdwwwwwdwwldwwwwlllwdlwwllww
1,222,44,36,23,14,80,90,37,43,16,11,27,5,4,9,7,8,1,44,Leeds United FC,,Leeds United,leeds-united-fc,/clubs/leeds-united-fc-222,/clubs/leeds-united-fc-222,/clubs/leeds-united-fc-222,/clubs/leeds-united-fc-222,2,"{'name': 'Promotion', 'number': 1}",0,dldwdwdwlwwwlwwwdwwwldwllwwwwwwwwwdwwwdwldlw
2,220,57,28,21,32,85,89,53,32,15,11,26,6,5,11,5,6,1,43,Ipswich Town FC,,Ipswich Town,ipswich-town-fc,/clubs/ipswich-town-fc-220,/clubs/ipswich-town-fc-220,/clubs/ipswich-town-fc-220,/clubs/ipswich-town-fc-220,3,"{'name': 'Promotion Play-off', 'number': 2}",0,wwwlwwwwdwwwwddwlwwwwdldddwdldwwwwwwlwwwldd
3,146,54,31,33,28,85,84,61,24,15,10,25,3,6,9,6,10,4,44,Southampton FC,,Southampton,southampton-fc,/clubs/southampton-fc-146,/clubs/southampton-fc-146,/clubs/southampton-fc-146,/clubs/southampton-fc-146,4,"{'name': 'Promotion Play-off', 'number': 2}",0,wdwwllllwwdwdwwwdwwddwwwwdwwwwlwllwwdldwwwll
4,142,35,32,27,17,67,72,44,23,14,6,20,4,8,12,8,12,4,44,West Bromwich Albion FC,,West Bromwich Albion,west-bromwich-albion-fc,/clubs/west-bromwich-albion-fc-142,/clubs/west-bromwich-albion-fc-142,/clubs/west-bromwich-albion-fc-142,/clubs/west-bromwich-albion-fc-142,5,"{'name': 'Promotion Play-off', 'number': 2}",0,lwdwldddwwldwwwlwwllwdlwwlwlwdwlwdwdwwdddwll
5,159,41,36,41,20,77,72,61,16,15,6,21,3,6,9,10,14,4,44,Norwich City FC,,Norwich City,norwich-city-fc,/clubs/norwich-city-fc-159,/clubs/norwich-city-fc-159,/clubs/norwich-city-fc-159,/clubs/norwich-city-fc-159,6,"{'name': 'Promotion Play-off', 'number': 2}",0,wdwwlwllwldllllwwlwdwdwlldwwlwdwwdwlwwwlwdwd
6,150,32,33,32,24,65,69,56,9,8,11,19,8,4,12,7,13,6,44,Hull City AFC,,Hull City,hull-city-afc,/clubs/hull-city-afc-150,/clubs/hull-city-afc-150,/clubs/hull-city-afc-150,/clubs/hull-city-afc-150,7,"{'name': None, 'number': -10}",0,lwwdwddwdldlwwlwdwllwwllwllwwlwwwddddllwdwdw
7,239,34,34,32,23,68,63,55,13,9,8,17,8,4,12,10,14,4,43,Coventry City FC,,Coventry City,coventry-city-fc,/clubs/coventry-city-fc-239,/clubs/coventry-city-fc-239,/clubs/coventry-city-fc-239,/clubs/coventry-city-fc-239,8,"{'name': None, 'number': -10}",0,lwddddldwwdlllldwwlwddwwdwwwdlwdwllwwwlwlll
8,147,27,37,35,25,64,63,60,4,9,9,18,4,5,9,8,17,9,44,Middlesbrough FC,,Middlesbrough,middlesbrough-fc,/clubs/middlesbrough-fc-147,/clubs/middlesbrough-fc-147,/clubs/middlesbrough-fc-147,/clubs/middlesbrough-fc-147,9,"{'name': None, 'number': -10}",0,lldllldwwwwwwldwlwlllwwlwlwddllwllwwwddwwddl
9,210,35,21,28,33,56,63,61,-5,11,7,18,4,5,9,10,17,7,44,Preston North End FC,,Preston North End,preston-north-end-fc,/clubs/preston-north-end-fc-210,/clubs/preston-north-end-fc-210,/clubs/preston-north-end-fc-210,/clubs/preston-north-end-fc-210,10,"{'name': None, 'number': -10}",0,dwwwwwwdlllddlwwllldwllwllwldwwwdwdlwwldwlll
10,161,26,24,33,28,50,62,61,-11,10,9,19,3,2,5,11,20,9,44,Cardiff City FC,,Cardiff City,cardiff-city-fc,/clubs/cardiff-city-fc-161,/clubs/cardiff-city-fc-161,/clubs/cardiff-city-fc-161,/clubs/cardiff-city-fc-161,11,"{'name': None, 'number': -10}",0,dllwlwwwwldlwwdlwllwllwdlwllwllldwwwwllwlwlw
11,207,29,22,26,21,51,59,47,4,10,6,16,4,7,11,9,17,8,44,Bristol City FC,,Bristol City,bristol-city-fc,/clubs/bristol-city-fc-207,/clubs/bristol-city-fc-207,/clubs/bristol-city-fc-207,/clubs/bristol-city-fc-207,12,"{'name': None, 'number': -10}",0,dwldwdwllwlwllwdwlldlwwwdllddlwwllllwlwwdwdd
12,156,30,22,23,28,52,56,51,1,10,6,16,2,6,8,10,20,10,44,Sunderland AFC,,Sunderland,sunderland-afc,/clubs/sunderland-afc-156,/clubs/sunderland-afc-156,/clubs/sunderland-afc-156,/clubs/sunderland-afc-156,13,"{'name': None, 'number': -10}",0,llwdwwwlwwlllwdwlldwwllwdwllwdwlllllldwlddwl
13,154,26,31,35,27,57,56,62,-5,8,7,15,5,6,11,9,18,9,44,Swansea City AFC,,Swansea City,swansea-city-afc,/clubs/swansea-city-afc-154,/clubs/swansea-city-afc-154,/clubs/swansea-city-afc-154,/clubs/swansea-city-afc-154,14,"{'name': None, 'number': -10}",0,dldllldwwwwllwdldldwdlwldwdlllwllwwdlwdllwww
14,155,31,28,30,28,59,53,58,1,5,7,12,9,8,17,7,15,8,44,Watford FC,,Watford,watford-fc,/clubs/watford-fc-155,/clubs/watford-fc-155,/clubs/watford-fc-155,/clubs/watford-fc-155,15,"{'name': None, 'number': -10}",0,wdlldwdllldwwddwlwwdlwwlddwddlllwlldlwddddld
15,229,21,22,26,29,43,53,55,-12,8,6,14,5,6,11,10,19,9,44,Millwall FC,,Millwall,millwall-fc,/clubs/millwall-fc-229,/clubs/millwall-fc-229,/clubs/millwall-fc-229,/clubs/millwall-fc-229,16,"{'name': None, 'number': -10}",0,wllwdlwdlwddldlwlldllddwwwlldllllwwdwldllwww
16,160,24,17,25,32,41,50,57,-16,6,7,13,6,5,11,10,20,10,44,Queens Park Rangers FC,,Queens Park Rangers,queens-park-rangers-fc,/clubs/queens-park-rangers-fc-160,/clubs/queens-park-rangers-fc-160,/clubs/queens-park-rangers-fc-160,/clubs/queens-park-rangers-fc-160,17,"{'name': None, 'number': -10}",0,lwllwlddllllllddlwwwdllldllwdwdlwwwdldwwldlw
17,141,20,24,33,27,44,50,60,-16,7,6,13,6,5,11,11,20,9,44,Stoke City FC,,Stoke City,stoke-city-fc,/clubs/stoke-city-fc-141,/clubs/stoke-city-fc-141,/clubs/stoke-city-fc-141,/clubs/stoke-city-fc-141,18,"{'name': None, 'number': -10}",0,wlwllldlwllwwwddlllldddwddwllllwllwlwlwddldw
18,216,27,31,40,34,58,49,74,-16,6,7,13,6,4,10,11,21,10,44,Blackburn Rovers FC,,Blackburn Rovers,blackburn-rovers-fc,/clubs/blackburn-rovers-fc-216,/clubs/blackburn-rovers-fc-216,/clubs/blackburn-rovers-fc-216,/clubs/blackburn-rovers-fc-216,19,"{'name': None, 'number': -10}",0,wdlwlwllllwwwlwlwwllwlllldldlwldddldddlwdlwl
19,264,40,18,34,35,58,48,69,-11,9,3,12,5,7,12,12,20,8,44,Plymouth Argyle FC,,Plymouth Argyle,plymouth-argyle-fc,/clubs/plymouth-argyle-fc-264,/clubs/plymouth-argyle-fc-264,/clubs/plymouth-argyle-fc-264,/clubs/plymouth-argyle-fc-264,20,"{'name': None, 'number': -10}",0,wdllwllwdlldwldlwlwldwddlddwwldllwlldlllwdwl
20,214,24,15,41,27,39,47,68,-29,7,6,13,7,1,8,15,23,8,44,Sheffield Wednesday FC,,Sheffield Wednesday,sheffield-wednesday-fc,/clubs/sheffield-wednesday-fc-214,/clubs/sheffield-wednesday-fc-214,/clubs/sheffield-wednesday-fc-214,/clubs/sheffield-wednesday-fc-214,21,"{'name': None, 'number': -10}",0,lllldldllldllwllldwwlwllwwlldlwlwwwwlldlwddw
21,206,30,18,39,25,48,46,64,-16,9,3,12,6,4,10,15,22,7,44,Birmingham City FC,,Birmingham City,birmingham-city-fc,/clubs/birmingham-city-fc-206,/clubs/birmingham-city-fc-206,/clubs/birmingham-city-fc-206,/clubs/birmingham-city-fc-206,22,"{'name': 'Relegation', 'number': -1}",0,dwwwdlldlwwllldlwldlwldldldwllwwlldllllwllwd
22,217,25,22,39,35,47,44,74,-27,6,3,9,7,10,17,9,18,9,44,Huddersfield Town FC,,Huddersfield Town,huddersfield-town-fc,/clubs/huddersfield-town-fc-217,/clubs/huddersfield-town-fc-217,/clubs/huddersfield-town-fc-217,/clubs/huddersfield-town-fc-217,23,"{'name': 'Relegation', 'number': -1}",0,lldlwwdddldwlldldwddldlwlldddwlwlwdlldldwldl
23,212,19,13,59,26,32,24,85,-53,4,0,4,8,4,12,18,28,10,44,Rotherham United FC,,Rotherham United,rotherham-united-fc,/clubs/rotherham-united-fc-212,/clubs/rotherham-united-fc-212,/clubs/rotherham-united-fc-212,/clubs/rotherham-united-fc-212,24,"{'name': 'Relegation', 'number': -1}",0,ldllwlldlldwlddldldllllwddldllllllllldlwllld
