,id,seasonGoals_home,seasonGoals_away,seasonConceded_away,seasonConceded_home,seasonGoals,points,seasonConceded,seasonGoalDifference,seasonWins_home,seasonWins_away,seasonWins_overall,seasonDraws_home,seasonDraws_away,seasonDraws_overall,seasonLosses_away,seasonLosses_overall,seasonLosses_home,matchesPlayed,name,country,cleanName,shortHand,url,seasonURL_overall,seasonURL_home,seasonURL_away,position,zone,corrections,wdl_record
0,220,57,28,21,32,85,89,53,32,15,11,26,6,5,11,5,6,1,43,Ipswich Town FC,,Ipswich Town,ipswich-town-fc,/clubs/ipswich-town-fc-220,/clubs/ipswich-town-fc-220,/clubs/ipswich-town-fc-220,/clubs/ipswich-town-fc-220,1,"{'name': 'Promotion', 'number': 1}",0,wwwlwwwwdwwwwddwlwwwwdldddwdldwwwwwwlwwwldd
1,108,40,39,23,15,79,88,38,41,15,13,28,1,3,4,6,10,4,42,Leicester City FC,,Leicester City,leicester-city-fc,/clubs/leicester-city-fc-108,/clubs/leicester-city-fc-108,/clubs/leicester-city-fc-108,/clubs/leicester-city-fc-108,2,"{'name': 'Promotion', 'number': 1}",0,wwwwlwwwwwwwwwllwdwwwwwdwwldwwwwlllwdlwwll
2,222,44,32,20,14,76,87,34,42,16,10,26,5,4,9,7,8,1,43,Leeds United FC,,Leeds United,leeds-united-fc,/clubs/leeds-united-fc-222,/clubs/leeds-united-fc-222,/clubs/leeds-united-fc-222,/clubs/leeds-united-fc-222,3,"{'name': 'Promotion Play-off', 'number': 2}",0,dldwdwdwlwwwlwwwdwwwldwllwwwwwwwwwdwwwdwldl
3,146,51,30,26,28,81,81,54,27,14,10,24,3,6,9,4,8,4,41,Southampton FC,,Southampton,southampton-fc,/clubs/southampton-fc-146,/clubs/southampton-fc-146,/clubs/southampton-fc-146,/clubs/southampton-fc-146,4,"{'name': 'Promotion Play-off', 'number': 2}",0,wdwwllllwwdwdwwwdwwddwwwwdwwwwlwllwwdldww
4,142,35,31,25,17,66,72,42,24,14,6,20,4,8,12,7,11,4,43,West Bromwich Albion FC,,West Bromwich Albion,west-bromwich-albion-fc,/clubs/west-bromwich-albion-fc-142,/clubs/west-bromwich-albion-fc-142,/clubs/west-bromwich-albion-fc-142,/clubs/west-bromwich-albion-fc-142,5,"{'name': 'Promotion Play-off', 'number': 2}",0,lwdwldddwwldwwwlwwllwdlwwlwlwdwlwdwdwwdddwl
5,159,40,36,41,19,76,71,60,16,15,6,21,2,6,8,10,14,4,43,Norwich City FC,,Norwich City,norwich-city-fc,/clubs/norwich-city-fc-159,/clubs/norwich-city-fc-159,/clubs/norwich-city-fc-159,/clubs/norwich-city-fc-159,6,"{'name': 'Promotion Play-off', 'number': 2}",0,wdwwlwllwldllllwwlwdwdwlldwwlwdwwdwlwwwlwdw
6,150,32,30,30,24,62,65,54,8,8,10,18,8,3,11,7,13,6,42,Hull City AFC,,Hull City,hull-city-afc,/clubs/hull-city-afc-150,/clubs/hull-city-afc-150,/clubs/hull-city-afc-150,/clubs/hull-city-afc-150,7,"{'name': None, 'number': -10}",0,lwwdwddwdldlwwlwdwllwwllwllwwlwwwddddllwdw
7,239,32,34,32,20,66,63,52,14,9,8,17,8,4,12,10,13,3,42,Coventry City FC,,Coventry City,coventry-city-fc,/clubs/coventry-city-fc-239,/clubs/coventry-city-fc-239,/clubs/coventry-city-fc-239,/clubs/coventry-city-fc-239,8,"{'name': None, 'number': -10}",0,lwddddldwwdlllldwwlwddwwdwwwdlwdwllwwwlwll
8,147,24,37,35,21,61,63,56,5,9,9,18,4,5,9,8,16,8,43,Middlesbrough FC,,Middlesbrough,middlesbrough-fc,/clubs/middlesbrough-fc-147,/clubs/middlesbrough-fc-147,/clubs/middlesbrough-fc-147,/clubs/middlesbrough-fc-147,9,"{'name': None, 'number': -10}",0,lldllldwwwwwwldwlwlllwwlwlwddllwllwwwddwwdd
9,210,35,21,24,33,56,63,57,-1,11,7,18,4,5,9,8,15,7,42,Preston North End FC,,Preston North End,preston-north-end-fc,/clubs/preston-north-end-fc-210,/clubs/preston-north-end-fc-210,/clubs/preston-north-end-fc-210,/clubs/preston-north-end-fc-210,10,"{'name': None, 'number': -10}",0,dwwwwwwdlllddlwwllldwllwllwldwwwdwdlwwldwl
10,161,24,24,33,27,48,59,60,-12,9,9,18,3,2,5,11,20,9,43,Cardiff City FC,,Cardiff City,cardiff-city-fc,/clubs/cardiff-city-fc-161,/clubs/cardiff-city-fc-161,/clubs/cardiff-city-fc-161,/clubs/cardiff-city-fc-161,11,"{'name': None, 'number': -10}",0,dllwlwwwwldlwwdlwllwllwdlwllwllldwwwwllwlwl
11,207,29,21,25,21,50,58,46,4,10,6,16,4,6,10,9,17,8,43,Bristol City FC,,Bristol City,bristol-city-fc,/clubs/bristol-city-fc-207,/clubs/bristol-city-fc-207,/clubs/bristol-city-fc-207,/clubs/bristol-city-fc-207,12,"{'name': None, 'number': -10}",0,dwldwdwllwlwllwdwlldlwwwdllddlwwllllwlwwdwd
12,156,30,22,23,27,52,56,50,2,10,6,16,2,6,8,10,19,9,43,Sunderland AFC,,Sunderland,sunderland-afc,/clubs/sunderland-afc-156,/clubs/sunderland-afc-156,/clubs/sunderland-afc-156,/clubs/sunderland-afc-156,13,"{'name': None, 'number': -10}",0,llwdwwwlwwlllwdwlldwwllwdwllwdwlllllldwlddw
13,154,26,27,35,27,53,53,62,-9,8,6,14,5,6,11,9,18,9,43,Swansea City AFC,,Swansea City,swansea-city-afc,/clubs/swansea-city-afc-154,/clubs/swansea-city-afc-154,/clubs/swansea-city-afc-154,/clubs/swansea-city-afc-154,14,"{'name': None, 'number': -10}",0,dldllldwwwwllwdldldwdlwldwdlllwllwwdlwdllww
14,155,31,28,30,28,59,52,58,1,5,7,12,8,8,16,7,15,8,43,Watford FC,,Watford,watford-fc,/clubs/watford-fc-155,/clubs/watford-fc-155,/clubs/watford-fc-155,/clubs/watford-fc-155,15,"{'name': None, 'number': -10}",0,wdlldwdllldwwddwlwwdlwwlddwddlllwlldlwddddl
15,229,21,21,26,29,42,50,55,-13,8,5,13,5,6,11,10,19,9,43,Millwall FC,,Millwall,millwall-fc,/clubs/millwall-fc-229,/clubs/millwall-fc-229,/clubs/millwall-fc-229,/clubs/millwall-fc-229,16,"{'name': None, 'number': -10}",0,wllwdlwdlwddldlwlldllddwwwlldllllwwdwldllww
16,216,26,31,40,31,57,49,71,-14,6,7,13,6,4,10,11,20,9,43,Blackburn Rovers FC,,Blackburn Rovers,blackburn-rovers-fc,/clubs/blackburn-rovers-fc-216,/clubs/blackburn-rovers-fc-216,/clubs/blackburn-rovers-fc-216,/clubs/blackburn-rovers-fc-216,17,"{'name': None, 'number': -10}",0,wdlwlwllllwwwlwlwwllwlllldldlwldddldddlwdlw
17,264,40,18,31,35,58,48,66,-8,9,3,12,5,7,12,11,19,8,43,Plymouth Argyle FC,,Plymouth Argyle,plymouth-argyle-fc,/clubs/plymouth-argyle-fc-264,/clubs/plymouth-argyle-fc-264,/clubs/plymouth-argyle-fc-264,/clubs/plymouth-argyle-fc-264,18,"{'name': None, 'number': -10}",0,wdllwllwdlldwldlwlwldwddlddwwldllwlldlllwdw
18,160,23,17,25,32,40,47,57,-17,5,7,12,6,5,11,10,20,10,43,Queens Park Rangers FC,,Queens Park Rangers,queens-park-rangers-fc,/clubs/queens-park-rangers-fc-160,/clubs/queens-park-rangers-fc-160,/clubs/queens-park-rangers-fc-160,/clubs/queens-park-rangers-fc-160,19,"{'name': None, 'number': -10}",0,lwllwlddllllllddlwwwdllldllwdwdlwwwdldwwldl
19,141,17,24,33,27,41,47,60,-19,6,6,12,6,5,11,11,20,9,43,Stoke City FC,,Stoke City,stoke-city-fc,/clubs/stoke-city-fc-141,/clubs/stoke-city-fc-141,/clubs/stoke-city-fc-141,/clubs/stoke-city-fc-141,20,"{'name': None, 'number': -10}",0,wlwllldlwllwwwddlllldddwddwllllwllwlwlwddld
20,206,30,18,39,25,48,45,64,-16,9,3,12,6,3,9,15,22,7,43,Birmingham City FC,,Birmingham City,birmingham-city-fc,/clubs/birmingham-city-fc-206,/clubs/birmingham-city-fc-206,/clubs/birmingham-city-fc-206,/clubs/birmingham-city-fc-206,21,"{'name': None, 'number': -10}",0,dwwwdlldlwwllldlwldlwldldldwllwwlldllllwllw
21,217,25,22,39,31,47,44,70,-23,6,3,9,7,10,17,9,17,8,43,Huddersfield Town FC,,Huddersfield Town,huddersfield-town-fc,/clubs/huddersfield-town-fc-217,/clubs/huddersfield-town-fc-217,/clubs/huddersfield-town-fc-217,/clubs/huddersfield-town-fc-217,22,"{'name': 'Relegation', 'number': -1}",0,lldlwwdddldwlldldwddldlwlldddwlwlwdlldldwld
22,214,24,12,40,27,36,44,67,-31,7,5,12,7,1,8,15,23,8,43,Sheffield Wednesday FC,,Sheffield Wednesday,sheffield-wednesday-fc,/clubs/sheffield-wednesday-fc-214,/clubs/sheffield-wednesday-fc-214,/clubs/sheffield-wednesday-fc-214,/clubs/sheffield-wednesday-fc-214,23,"{'name': 'Relegation', 'number': -1}",0,lllldldllldllwllldwwlwllwwlldlwlwwwwlldlwdd
23,212,19,13,59,26,32,23,85,-53,4,0,4,7,4,11,18,28,10,43,Rotherham United FC,,Rotherham United,rotherham-united-fc,/clubs/rotherham-united-fc-212,/clubs/rotherham-united-fc-212,/clubs/rotherham-united-fc-212,/clubs/rotherham-united-fc-212,24,"{'name': 'Relegation', 'number': -1}",0,ldllwlldlldwlddldldllllwddldllllllllldlwlll
