,id,seasonGoals_home,seasonGoals_away,seasonConceded_away,seasonConceded_home,seasonGoals,points,seasonConceded,seasonGoalDifference,seasonWins_home,seasonWins_away,seasonWins_overall,seasonDraws_home,seasonDraws_away,seasonDraws_overall,seasonLosses_away,seasonLosses_overall,seasonLosses_home,matchesPlayed,name,country,cleanName,shortHand,url,seasonURL_overall,seasonURL_home,seasonURL_away,position,zone,corrections,wdl_record,points_original
0,249,62,40,33,27,102,95,60,42,18,12,30,3,2,5,7,8,1,43,Chesterfield FC,,Chesterfield,chesterfield-fc,/clubs/chesterfield-fc-249,/clubs/chesterfield-fc-249,/clubs/chesterfield-fc-249,/clubs/chesterfield-fc-249,1,"{'name': 'Promotion', 'number': 1}",0,wwwdlwwwwwwwdwwwwwlwwwwlwwwwwwwdldwlwwdlwll,
1,269,46,39,37,22,85,80,59,26,15,9,24,4,4,8,9,12,3,44,Barnet FC,,Barnet,barnet-fc,/clubs/barnet-fc-269,/clubs/barnet-fc-269,/clubs/barnet-fc-269,/clubs/barnet-fc-269,2,"{'name': 'Promotion Play-off', 'number': 2}",0,wwdwlwwwlwdwwwwwdwlllldwwwlwlldwlwlwwlwwdwdd,
2,1835,42,24,20,26,66,75,46,20,12,8,20,6,9,15,4,8,4,43,Bromley FC,,Bromley,bromley-fc,/clubs/bromley-fc-1835,/clubs/bromley-fc-1835,/clubs/bromley-fc-1835,/clubs/bromley-fc-1835,3,"{'name': 'Promotion Play-off', 'number': 2}",0,lldddwwwwwdwwldwwwdwlwwwdwwdddllwdlwddwlwdd,
3,1834,33,37,35,24,70,73,59,11,9,11,20,6,7,13,4,11,7,44,Solihull Moors FC,,Solihull Moors,solihull-moors-fc,/clubs/solihull-moors-fc-1834,/clubs/solihull-moors-fc-1834,/clubs/solihull-moors-fc-1834,/clubs/solihull-moors-fc-1834,4,"{'name': 'Promotion Play-off', 'number': 2}",0,dwwwdwddwwdwdwlldwwllllwwlwldlwwdwldwwddldww,
4,1847,53,28,33,26,81,71,59,22,13,7,20,4,7,11,8,13,5,44,Altrincham FC,,Altrincham,altrincham-fc,/clubs/altrincham-fc-1847,/clubs/altrincham-fc-1847,/clubs/altrincham-fc-1847,/clubs/altrincham-fc-1847,5,"{'name': 'Promotion Play-off', 'number': 2}",0,dwddwdllddwwwwwddwllwwdldwlwwwlllllwlwwlwwwd,
5,1832,43,40,34,25,83,69,59,24,10,10,20,5,4,9,8,13,5,42,Gateshead FC,,Gateshead,gateshead-fc,/clubs/gateshead-fc-1832,/clubs/gateshead-fc-1832,/clubs/gateshead-fc-1832,/clubs/gateshead-fc-1832,6,"{'name': 'Promotion Play-off', 'number': 2}",0,dlwwlddwdwwwlwldlwwwdlwdlllwwdwwwldlwlwwwl,
6,1823,28,25,23,23,53,66,46,7,8,10,18,8,4,12,8,12,4,42,FC Halifax Town,,Halifax Town,fc-halifax-town,/clubs/fc-halifax-town-1823,/clubs/fc-halifax-town-1823,/clubs/fc-halifax-town-1823,/clubs/fc-halifax-town-1823,7,"{'name': 'Promotion Play-off', 'number': 2}",0,wlwdddwdllddlwwwwdlwdlwdwdldlllwwwwlwwwldw,
7,1836,43,27,47,30,70,65,77,-7,12,7,19,7,1,8,13,16,3,43,Aldershot Town FC,,Aldershot Town,aldershot-town-fc,/clubs/aldershot-town-fc-1836,/clubs/aldershot-town-fc-1836,/clubs/aldershot-town-fc-1836,/clubs/aldershot-town-fc-1836,8,"{'name': None, 'number': -10}",0,wlldwllwdlwdwlwwwlwlwwlldwldwdwlwwlwwwldldl,
8,232,43,24,24,19,67,62,43,24,13,7,20,3,9,12,6,12,6,44,Southend United FC,,Southend United,southend-united-fc,/clubs/southend-united-fc-232,/clubs/southend-united-fc-232,/clubs/southend-united-fc-232,/clubs/southend-united-fc-232,9,"{'name': None, 'number': -10}",0,wwllwlwdlwlddwwwwdlwdlwllwwllldwwwdddwddwdww,72.0
9,246,31,28,28,27,59,61,55,4,6,9,15,9,7,16,5,12,7,43,Oldham Athletic AFC,,Oldham Athletic,oldham-athletic-afc,/clubs/oldham-athletic-afc-246,/clubs/oldham-athletic-afc-246,/clubs/oldham-athletic-afc-246,/clubs/oldham-athletic-afc-246,10,"{'name': None, 'number': -10}",0,lwlddlddlwwwdddwlddwwlwlwwwwldwwdlwddlddlld,
10,235,36,30,37,25,66,57,62,4,9,6,15,6,6,12,10,16,6,43,Rochdale AFC,,Rochdale,rochdale-afc,/clubs/rochdale-afc-235,/clubs/rochdale-afc-235,/clubs/rochdale-afc-235,/clubs/rochdale-afc-235,11,"{'name': None, 'number': -10}",0,lwlwdwldwdwldldldwlwwwlddwlwlllldwlldwwwldd,
11,262,33,32,46,32,65,56,78,-13,11,5,16,2,6,8,11,20,9,44,Hartlepool United FC,,Hartlepool United,hartlepool-united-fc,/clubs/hartlepool-united-fc-262,/clubs/hartlepool-united-fc-262,/clubs/hartlepool-united-fc-262,/clubs/hartlepool-united-fc-262,12,"{'name': None, 'number': -10}",0,lwwwwlwlldwlllwllldwdlldllwlwlwwdwwllddlwdwl,
12,1831,38,36,41,36,74,55,77,-3,8,7,15,7,3,10,12,19,7,44,AFC Fylde,,Fylde,afc-fylde,/clubs/afc-fylde-1831,/clubs/afc-fylde-1831,/clubs/afc-fylde-1831,/clubs/afc-fylde-1831,13,"{'name': None, 'number': -10}",0,dlwlldllllwdllldwwllddldlwwdwwwwldlwwldlwwlw,
13,1828,29,27,39,24,56,55,63,-7,8,6,14,8,5,13,11,17,6,44,Maidenhead United FC,,Maidenhead United,maidenhead-united-fc,/clubs/maidenhead-united-fc-1828,/clubs/maidenhead-united-fc-1828,/clubs/maidenhead-united-fc-1828,/clubs/maidenhead-united-fc-1828,14,"{'name': None, 'number': -10}",0,dwlwdddllllldddllwwwddwwdldlwdwllllwlwllwwdw,
14,274,34,31,28,31,65,54,59,6,8,6,14,2,10,12,6,18,12,44,Dagenham & Redbridge FC,,Dagenham & Redbridge,dagenham-redbridge-fc,/clubs/dagenham-redbridge-fc-274,/clubs/dagenham-redbridge-fc-274,/clubs/dagenham-redbridge-fc-274,/clubs/dagenham-redbridge-fc-274,15,"{'name': None, 'number': -10}",0,dlllwwwldlldlldwlwwlwlldwdlwldwlwddlwdlwdwdl,
15,1830,40,31,42,42,71,53,84,-13,8,6,14,6,5,11,10,18,8,43,Eastleigh FC,,Eastleigh,eastleigh-fc,/clubs/eastleigh-fc-1830,/clubs/eastleigh-fc-1830,/clubs/eastleigh-fc-1830,/clubs/eastleigh-fc-1830,16,"{'name': None, 'number': -10}",0,dddllwdlwdwlwwlwlldwwlwwldldlldllwwldlldwlw,
16,1826,26,20,24,29,46,52,53,-7,7,7,14,5,5,10,10,20,10,44,Woking FC,,Woking,woking-fc,/clubs/woking-fc-1826,/clubs/woking-fc-1826,/clubs/woking-fc-1826,/clubs/woking-fc-1826,17,"{'name': None, 'number': -10}",0,dlwlwwddwdllwlllwlllllwddlllwlwdlldwwwlwdldw,
17,1825,32,27,48,24,59,52,72,-13,10,4,14,4,6,10,11,19,8,43,Ebbsfleet United FC,,Ebbsfleet United,ebbsfleet-united-fc,/clubs/ebbsfleet-united-fc-1825,/clubs/ebbsfleet-united-fc-1825,/clubs/ebbsfleet-united-fc-1825,/clubs/ebbsfleet-united-fc-1825,18,"{'name': None, 'number': -10}",0,wlwlwlwlldllwlldlldldwlddllwlwlddwwwwlwddwl,
18,3144,36,20,37,32,56,50,69,-13,9,4,13,6,5,11,13,19,6,43,Wealdstone FC,,Wealdstone,wealdstone-fc,/clubs/wealdstone-fc-3144,/clubs/wealdstone-fc-3144,/clubs/wealdstone-fc-3144,/clubs/wealdstone-fc-3144,19,"{'name': None, 'number': -10}",0,wddwlllwdllwdlldwlwlwwdwlwddlldlwdwldlllllw,
19,275,30,23,35,33,53,50,68,-15,5,6,11,9,8,17,8,16,8,44,York City FC,,York City,york-city-fc,/clubs/york-city-fc-275,/clubs/york-city-fc-275,/clubs/york-city-fc-275,/clubs/york-city-fc-275,20,"{'name': None, 'number': -10}",0,lldddlldwlwldwdlldwlwddddwdwldwlddllldlwwwdl,
20,1840,31,25,45,28,56,47,73,-17,7,4,11,8,6,14,11,18,7,43,Boreham Wood FC,,Boreham Wood,boreham-wood-fc,/clubs/boreham-wood-fc-1840,/clubs/boreham-wood-fc-1840,/clubs/boreham-wood-fc-1840,/clubs/boreham-wood-fc-1840,21,"{'name': 'Relegation', 'number': -1}",0,dwlddlldwdldlwldwddllwwldwdddlwwllwdllllllw,
21,1846,19,20,27,27,39,46,54,-15,4,7,11,8,5,13,10,20,10,44,Kidderminster Harriers FC,,Kidderminster Harriers,kidderminster-harriers-fc,/clubs/kidderminster-harriers-fc-1846,/clubs/kidderminster-harriers-fc-1846,/clubs/kidderminster-harriers-fc-1846,/clubs/kidderminster-harriers-fc-1846,22,"{'name': 'Relegation', 'number': -1}",0,dwldldldlllllwwldlllddwlldllwwwwdlwwlddddlwl,
22,3203,25,25,44,36,50,44,80,-30,6,6,12,4,4,8,12,24,12,44,Dorking Wanderers FC,,Dorking Wanderers,dorking-wanderers-fc,/clubs/dorking-wanderers-fc-3203,/clubs/dorking-wanderers-fc-3203,/clubs/dorking-wanderers-fc-3203,/clubs/dorking-wanderers-fc-3203,23,"{'name': 'Relegation', 'number': -1}",0,llwldlddwwlwwlllwllwdlllwlwlwllwdlwllldllddl,
23,3139,28,25,54,36,53,32,90,-37,6,2,8,3,5,8,15,27,12,43,Oxford City FC,,Oxford City,oxford-city-fc,/clubs/oxford-city-fc-3139,/clubs/oxford-city-fc-3139,/clubs/oxford-city-fc-3139,/clubs/oxford-city-fc-3139,24,"{'name': 'Relegation', 'number': -1}",0,lllddwdwddllllwlllwwldlllwlllwllldllldlllwl,
